1.0 99 99 1 
 0.999 97 78 2 
 0.998 97 94 3 
 0.997 97 91 4 
 0.996 97 86 5 
 0.995 97 71 6 
 0.994 94 33 7 
 0.993 97 33 8 
 0.992 61 57 9 
 0.991 94 61 10 
 0.99 97 61 11 
 0.989 61 49 12 
 0.988 71 61 13 
 0.987 61 48 14 
 0.986 61 33 15 
 0.979 82 74 16 
 0.976 77 76 17 
 0.968 98 59 18 
 0.967 98 60 19 
 0.966 98 78 20 
 0.965 98 94 21 
 0.964 98 88 22 
 0.963 98 97 23 
 0.962 98 93 24 
 0.961 98 91 25 
 0.96 98 46 26 
 0.958 98 71 27 
 0.957 98 61 28 
 0.956 98 33 29 
 0.948 96 80 30 
 0.947 80 10 31 
 0.946 28 16 32 
 0.943 65 49 33 
 0.942 94 65 34 
 0.941 93 65 35 
 0.94 97 65 36 
 0.939 92 17 37 
 0.938 65 44 38 
 0.936 65 33 39 
 0.934 65 61 40 
 0.93 98 65 41 
 0.925 92 18 42 
 0.923 98 32 43 
 0.91 96 4 44 
 0.909 40 32 45 
 0.906 96 66 46 
 0.904 66 10 47 
 0.902 66 4 48 
 0.897 59 32 49 
 0.896 60 32 50 
 0.895 78 32 51 
 0.894 94 32 52 
 0.893 97 32 53 
 0.892 93 32 54 
 0.891 91 32 55 
 0.89 46 32 56 
 0.888 71 32 57 
 0.887 61 32 58 
 0.886 33 32 59 
 0.882 74 28 60 
 0.879 96 95 61 
 0.876 95 10 62 
 0.875 18 17 63 
 0.872 95 66 64 
 0.868 82 17 65 
 0.864 65 32 66 
 0.862 95 80 67 
 0.856 92 28 68 
 0.845 98 47 69 
 0.823 47 9 70 
 0.821 74 17 71 
 0.814 49 47 72 
 0.811 47 39 73 
 0.809 47 44 74 
 0.808 78 47 75 
 0.807 88 47 76 
 0.806 97 47 77 
 0.805 72 47 78 
 0.804 93 47 79 
 0.803 68 47 80 
 0.802 86 47 81 
 0.801 71 47 82 
 0.8 73 56 83 
 0.799 47 5 84 
 0.798 47 33 85 
 0.792 65 47 86 
 0.788 47 32 87 
 0.785 28 18 88 
 0.724 18 10 89 
 0.722 18 4 90 
 0.712 96 18 91 
 0.71 92 16 92 
 0.709 92 82 93 
 0.707 29 0 94 
 0.706 66 18 95 
 0.698 80 18 96 
 0.684 95 18 97 
 0.661 92 74 98 
 0.627 92 4 99 
 0.621 32 3 100 
 0.618 95 92 101 
 0.616 92 10 102 
 0.615 82 18 103 
 0.613 92 66 104 
 0.608 21 3 105 
 0.606 96 92 106 
 0.598 42 0 107 
 0.577 74 0 108 
 0.571 74 18 109 
 0.569 61 3 110 
 0.568 47 8 111 
 0.567 30 3 112 
 0.566 33 3 113 
 0.56 40 3 114 
 0.557 24 3 115 
 0.55 19 3 116 
 0.549 78 3 117 
 0.548 97 3 118 
 0.547 94 3 119 
 0.546 93 3 120 
 0.545 86 3 121 
 0.543 82 0 122 
 0.542 34 3 123 
 0.54 98 3 124 
 0.507 65 3 125 
 0.48 47 3 126 
 0.451 16 0 127 
 0.416 17 4 128 
 0.408 74 29 129 
 0.394 96 17 130 
 0.39 73 12 131 
 0.382 86 73 132 
 0.381 56 12 133 
 0.373 86 56 134 
 0.372 56 26 135 
 0.371 56 24 136 
 0.363 60 56 137 
 0.362 73 31 138 
 0.36 73 65 139 
 0.356 73 35 140 
 0.355 73 57 141 
 0.354 73 70 142 
 0.353 56 19 143 
 0.352 73 5 144 
 0.351 73 49 145 
 0.35 56 55 146 
 0.348 62 56 147 
 0.347 56 35 148 
 0.346 94 73 149 
 0.345 93 73 150 
 0.344 97 73 151 
 0.343 98 56 152 
 0.342 73 33 153 
 0.341 73 55 154 
 0.339 73 62 155 
 0.338 73 42 156 
 0.336 78 73 157 
 0.335 73 59 158 
 0.331 56 32 159 
 0.328 73 44 160 
 0.325 76 75 161 
 0.318 98 73 162 
 0.307 73 32 163 
 0.299 42 12 164 
 0.292 99 85 165 
 0.29 42 5 166 
 0.289 99 33 167 
 0.286 99 42 168 
 0.285 86 42 169 
 0.284 42 37 170 
 0.282 66 26 171 
 0.28 99 98 172 
 0.277 99 57 173 
 0.276 72 42 174 
 0.275 99 5 175 
 0.273 99 49 176 
 0.271 62 42 177 
 0.27 99 61 178 
 0.269 42 34 179 
 0.268 99 78 180 
 0.267 99 97 181 
 0.264 18 0 182 
 0.263 99 26 183 
 0.262 99 94 184 
 0.261 99 93 185 
 0.26 99 91 186 
 0.259 99 48 187 
 0.258 99 55 188 
 0.256 99 62 189 
 0.255 99 86 190 
 0.254 99 37 191 
 0.246 66 55 192 
 0.244 73 47 193 
 0.243 72 66 194 
 0.24 99 32 195 
 0.239 78 66 196 
 0.238 97 66 197 
 0.237 99 65 198 
 0.236 96 28 199 
 0.234 66 28 200 
 0.233 94 66 201 
 0.232 91 66 202 
 0.231 66 48 203 
 0.23 98 66 204 
 0.228 86 66 205 
 0.227 66 37 206 
 0.22 66 32 207 
 0.217 25 14 208 
 0.215 98 42 209 
 0.212 56 0 210 
 0.209 66 65 211 
 0.203 82 42 212 
 0.202 73 3 213 
 0.2 42 32 214 
 0.199 29 16 215 
 0.198 96 27 216 
 0.196 90 13 217 
 0.194 90 38 218 
 0.193 90 22 219 
 0.192 89 38 220 
 0.191 89 22 221 
 0.188 90 61 222 
 0.186 90 26 223 
 0.185 90 46 224 
 0.184 89 26 225 
 0.183 97 90 226 
 0.182 93 90 227 
 0.181 90 70 228 
 0.18 97 89 229 
 0.179 94 90 230 
 0.178 93 14 231 
 0.177 94 89 232 
 0.176 90 86 233 
 0.175 97 14 234 
 0.174 89 44 235 
 0.173 99 47 236 
 0.172 90 65 237 
 0.17 89 65 238 
 0.169 99 73 239 
 0.168 42 16 240 
 0.165 66 0 241 
 0.158 98 52 242 
 0.155 52 31 243 
 0.154 27 10 244 
 0.151 52 5 245 
 0.15 52 49 246 
 0.149 99 95 247 
 0.148 98 14 248 
 0.146 97 52 249 
 0.145 94 52 250 
 0.144 91 52 251 
 0.143 99 27 252 
 0.142 62 52 253 
 0.141 61 21 254 
 0.139 52 26 255 
 0.138 31 14 256 
 0.137 32 14 257 
 0.135 52 3 258 
 0.134 65 14 259 
 0.131 9 8 260 
 0.13 99 3 261 
 0.125 77 75 262 
 0.123 42 14 263 
 0.122 49 27 264 
 0.12 99 0 265 
 0.119 98 8 266 
 0.117 66 3 267 
 0.116 72 0 268 
 0.114 96 76 269 
 0.11 72 21 270 
 0.109 73 14 271 
 0.108 93 21 272 
 0.106 94 21 273 
 0.105 97 21 274 
 0.104 95 76 275 
 0.103 96 75 276 
 0.102 92 26 277 
 0.101 98 21 278 
 0.1 73 29 279 
 0.099 80 75 280 
 0.095 49 8 281 
 0.094 96 77 282 
 0.093 98 92 283 
 0.092 97 0 284 
 0.091 97 8 285 
 0.09 94 0 286 
 0.089 95 77 287 
 0.088 95 56 288 
 0.087 80 77 289 
 0.086 99 52 290 
 0.085 73 27 291 
 0.084 32 0 292 
 0.083 96 0 293 
 0.082 95 75 294 
 0.081 96 26 295 
 0.08 75 4 296 
 0.079 97 27 297 
 0.078 92 65 298 
 0.077 94 27 299 
 0.076 92 78 300 
 0.075 97 92 301 
 0.074 94 92 302 
 0.073 92 91 303 
 0.072 99 21 304 
 0.071 89 73 305 
 0.07 75 18 306 
 0.069 99 74 307 
 0.068 96 61 308 
 0.063 52 21 309 
 0.062 95 3 310 
 0.061 99 14 311 
 0.06 99 89 312 
 0.059 96 73 313 
 0.058 96 55 314 
 0.057 99 90 315 
 0.056 97 29 316 
 0.055 94 29 317 
 0.054 98 0 318 
 0.053 96 45 319 
 0.052 95 34 320 
 0.051 14 0 321 
 0.05 99 96 322 
 0.049 99 66 323 
 0.048 96 72 324 
 0.047 96 49 325 
 0.046 31 27 326 
 0.045 98 96 327 
 0.044 98 17 328 
 0.043 98 27 329 
 0.042 96 91 330 
 0.041 99 82 331 
 0.04 97 17 332 
 0.039 96 3 333 
 0.038 86 17 334 
 0.037 98 80 335 
 0.036 96 52 336 
 0.035 80 32 337 
 0.034 99 92 338 
 0.033 76 56 339 
 0.03 98 95 340 
 0.029 80 73 341 
 0.028 82 66 342 
 0.027 97 80 343 
 0.026 97 18 344 
 0.025 98 29 345 
 0.024 89 27 346 
 0.023 99 17 347 
 0.022 97 82 348 
 0.021 90 21 349 
 0.02 89 21 350 
 0.019 75 61 351 
 0.018 75 47 352 
 0.017 97 10 353 
 0.016 96 90 354 
 0.015 98 28 355 
 0.014 98 77 356 
 0.013 98 76 357 
 0.012 98 82 358 
 0.011 98 75 359 
 0.01 98 74 360 
 0.009 82 3 361 
 0.008 98 4 362 
 0.007 89 18 363 
 0.006 97 4 364 
 0.005 98 16 365 
 0.004 90 80 366 
 0.003 90 16 367 
 0.002 90 75 368 
 0.001 90 77 369 
 0.0 99 80 370 
 