1.0 99 99 1 
 0.5 97 78 2 
 0.41421 97 94 3 
 0.36603 97 93 4 
 0.33333 97 91 5 
 0.30902 97 35 6 
 0.2899 97 86 7 
 0.27429 97 49 8 
 0.2612 97 26 9 
 0.25 97 33 10 
 0.24025 99 42 11 
 0.23166 96 66 12 
 0.22401 99 27 13 
 0.21713 97 61 14 
 0.2109 96 95 15 
 0.20521 99 0 16 
 0.2 95 80 17 
 0.19519 82 74 18 
 0.19074 92 18 19 
 0.18661 73 42 20 
 0.18274 74 0 21 
 0.17913 56 42 22 
 0.17254 99 73 23 
 0.16952 56 0 24 
 0.16667 74 29 25 
 0.16139 74 42 26 
 0.15894 73 0 27 
 0.14459 99 74 28 
 0.14286 74 16 29 
 0.14119 74 27 30 
 0.13508 42 14 31 
 0.13232 99 14 32 
 0.13101 18 10 33 
 0.12973 27 14 34 
 0.1285 96 18 35 
 0.1273 66 18 36 
 0.12613 80 18 37 
 0.1239 95 18 38 
 0.12179 73 14 39 
 0.12077 98 32 40 
 0.11978 92 17 41 
 0.11882 29 4 42 
 0.11696 99 4 43 
 0.11519 99 95 44 
 0.11434 4 0 45 
 0.1135 99 10 46 
 0.11269 74 18 47 
 0.11189 99 96 48 
 0.11111 99 66 49 
 0.11035 99 80 50 
 0.1096 74 14 51 
 0.10815 80 0 52 
 0.10745 98 59 53 
 0.10676 98 78 54 
 0.10609 98 19 55 
 0.10543 98 24 56 
 0.10478 98 97 57 
 0.10414 96 73 58 
 0.10352 93 65 59 
 0.1029 97 65 60 
 0.1023 92 66 61 
 0.10171 96 92 62 
 0.10113 98 94 63 
 0.10056 98 88 64 
 0.1 65 33 65 
 0.09945 98 93 66 
 0.09891 98 81 67 
 0.09838 98 68 68 
 0.09785 98 91 69 
 0.09734 98 49 70 
 0.09683 98 71 71 
 0.09633 98 62 72 
 0.09584 74 66 73 
 0.09536 98 35 74 
 0.09488 98 86 75 
 0.09441 99 82 76 
 0.09395 98 34 77 
 0.0935 98 37 78 
 0.09305 98 47 79 
 0.09261 98 61 80 
 0.09218 66 14 81 
 0.09133 99 18 82 
 0.09009 56 18 83 
 0.0897 98 26 84 
 0.0893 16 0 85 
 0.08891 82 73 86 
 0.08778 73 18 87 
 0.08633 92 0 88 
 0.08463 40 32 89 
 0.08365 59 32 90 
 0.08333 78 32 91 
 0.08302 32 19 92 
 0.08271 82 14 93 
 0.0824 97 32 94 
 0.0821 98 65 95 
 0.0815 99 92 96 
 0.08092 92 42 97 
 0.08063 94 32 98 
 0.08035 99 16 99 
 0.07979 93 32 100 
 0.07952 92 56 101 
 0.07925 48 32 102 
 0.07898 91 32 103 
 0.07871 82 4 104 
 0.07845 92 73 105 
 0.07819 62 32 106 
 0.07767 82 10 107 
 0.07742 86 32 108 
 0.07717 96 82 109 
 0.07692 73 16 110 
 0.07668 82 80 111 
 0.07619 61 32 112 
 0.07457 32 26 113 
 0.07369 74 17 114 
 0.07326 92 14 115 
 0.07284 16 14 116 
 0.07047 65 32 117 
 0.07009 16 4 118 
 0.06937 16 10 119 
 0.06866 96 16 120 
 0.06849 66 16 121 
 0.06558 78 47 122 
 0.06543 47 19 123 
 0.06514 97 47 124 
 0.06499 47 24 125 
 0.06427 28 17 126 
 0.06413 47 39 127 
 0.06398 47 44 128 
 0.06385 47 36 129 
 0.06371 94 47 130 
 0.06357 88 47 131 
 0.0633 93 47 132 
 0.06316 81 47 133 
 0.06303 68 47 134 
 0.06289 91 47 135 
 0.06263 71 47 136 
 0.06224 62 47 137 
 0.06186 17 4 138 
 0.06173 47 35 139 
 0.06161 17 10 140 
 0.06148 61 47 141 
 0.06136 86 47 142 
 0.06124 47 37 143 
 0.06112 96 17 144 
 0.06099 66 17 145 
 0.05948 65 47 146 
 0.05937 99 21 147 
 0.05915 42 21 148 
 0.05882 73 21 149 
 0.05872 27 21 150 
 0.05861 17 0 151 
 0.05819 56 21 152 
 0.05687 98 56 153 
 0.05658 74 21 154 
 0.05649 98 73 155 
 0.05611 99 17 156 
 0.05602 21 14 157 
 0.05592 42 17 158 
 0.05583 73 47 159 
 0.05547 99 98 160 
 0.05502 99 47 161 
 0.05493 98 42 162 
 0.05476 95 21 163 
 0.05467 47 27 164 
 0.05458 21 4 165 
 0.0545 66 21 166 
 0.05424 96 21 167 
 0.05407 98 66 168 
 0.05399 47 29 169 
 0.05391 80 21 170 
 0.05366 66 47 171 
 0.05358 98 29 172 
 0.0535 98 0 173 
 0.05342 47 14 174 
 0.05334 98 14 175 
 0.05326 17 14 176 
 0.05279 56 32 177 
 0.05248 73 32 178 
 0.0521 82 21 179 
 0.05203 74 47 180 
 0.05166 98 74 181 
 0.05159 21 18 182 
 0.05137 99 32 183 
 0.05116 96 47 184 
 0.05109 42 32 185 
 0.05088 80 47 186 
 0.0506 47 10 187 
 0.05053 66 32 188 
 0.0504 98 96 189 
 0.05033 95 47 190 
 0.05027 98 80 191 
 0.0502 32 0 192 
 0.05013 98 95 193 
 0.05 32 29 194 
 0.0498 32 14 195 
 0.04955 92 21 196 
 0.04917 21 16 197 
 0.04843 74 32 198 
 0.04837 82 47 199 
 0.0482 47 18 200 
 0.04814 98 18 201 
 0.04808 98 82 202 
 0.04796 92 47 203 
 0.04791 98 92 204 
 0.04751 96 32 205 
 0.04728 80 32 206 
 0.04706 98 3 207 
 0.04611 47 16 208 
 0.04585 98 16 209 
 0.0456 32 18 210 
 0.04555 82 32 211 
 0.04531 92 32 212 
 0.04473 92 28 213 
 0.04469 47 3 214 
 0.04441 82 28 215 
 0.04374 99 52 216 
 0.04361 56 52 217 
 0.04356 32 16 218 
 0.04348 52 29 219 
 0.04344 52 0 220 
 0.04289 30 3 221 
 0.04268 98 21 222 
 0.04264 78 3 223 
 0.0426 19 3 224 
 0.04256 40 3 225 
 0.04252 97 3 226 
 0.04244 74 52 227 
 0.0424 61 3 228 
 0.04228 52 14 229 
 0.04205 94 3 230 
 0.04201 88 3 231 
 0.04197 95 52 232 
 0.04193 93 3 233 
 0.0419 81 3 234 
 0.04186 97 73 235 
 0.04182 91 3 236 
 0.04178 73 59 237 
 0.04174 96 52 238 
 0.0417 49 3 239 
 0.04159 80 52 240 
 0.04148 99 3 241 
 0.04144 52 10 242 
 0.0414 66 52 243 
 0.04137 86 3 244 
 0.04133 37 3 245 
 0.04126 32 21 246 
 0.04118 28 18 247 
 0.04115 34 3 248 
 0.04111 27 3 249 
 0.04104 94 73 250 
 0.041 73 57 251 
 0.04097 99 78 252 
 0.04093 97 66 253 
 0.0409 73 70 254 
 0.04086 99 97 255 
 0.04083 70 56 256 
 0.04079 56 31 257 
 0.04075 99 24 258 
 0.04072 73 5 259 
 0.04068 91 73 260 
 0.04065 73 48 261 
 0.04054 66 3 262 
 0.04051 98 17 263 
 0.04048 56 55 264 
 0.04044 73 33 265 
 0.04041 97 14 266 
 0.0403 24 14 267 
 0.04027 86 73 268 
 0.04024 73 12 269 
 0.0402 86 56 270 
 0.04017 78 0 271 
 0.04013 78 27 272 
 0.0401 94 66 273 
 0.04007 99 85 274 
 0.04003 99 94 275 
 0.04 99 57 276 
 0.03997 97 29 277 
 0.03993 99 93 278 
 0.0399 95 3 279 
 0.03987 99 72 280 
 0.03983 99 70 281 
 0.0398 99 31 282 
 0.03977 99 81 283 
 0.03974 99 5 284 
 0.0397 99 91 285 
 0.03967 99 48 286 
 0.03964 96 3 287 
 0.03961 99 33 288 
 0.03957 93 14 289 
 0.03954 99 49 290 
 0.03951 80 3 291 
 0.03948 70 14 292 
 0.03945 99 55 293 
 0.03941 81 14 294 
 0.03935 91 14 295 
 0.03932 48 14 296 
 0.03929 94 0 297 
 0.03925 94 27 298 
 0.03922 62 42 299 
 0.03919 94 29 300 
 0.03916 99 62 301 
 0.03913 86 42 302 
 0.0391 99 35 303 
 0.03907 86 66 304 
 0.03904 99 61 305 
 0.03901 99 86 306 
 0.03897 99 12 307 
 0.03894 91 27 308 
 0.03891 66 37 309 
 0.03888 99 34 310 
 0.03885 99 37 311 
 0.03882 62 14 312 
 0.03876 66 26 313 
 0.03873 86 14 314 
 0.0387 96 78 315 
 0.03867 49 29 316 
 0.03864 61 14 317 
 0.03861 97 96 318 
 0.03858 65 42 319 
 0.03855 34 14 320 
 0.03852 96 24 321 
 0.03846 99 65 322 
 0.03843 97 80 323 
 0.0384 66 65 324 
 0.03837 62 29 325 
 0.03834 93 74 326 
 0.03831 86 0 327 
 0.03829 86 27 328 
 0.03826 74 70 329 
 0.03823 86 29 330 
 0.0382 81 74 331 
 0.03817 37 0 332 
 0.03814 91 74 333 
 0.03811 74 48 334 
 0.03808 37 29 335 
 0.03805 99 26 336 
 0.03797 74 28 337 
 0.03794 96 45 338 
 0.03791 96 94 339 
 0.03788 96 57 340 
 0.03786 95 46 341 
 0.03783 96 93 342 
 0.03777 96 68 343 
 0.03774 96 70 344 
 0.03771 95 31 345 
 0.03769 96 81 346 
 0.03766 96 5 347 
 0.03763 96 91 348 
 0.0376 97 82 349 
 0.03758 96 55 350 
 0.03755 92 78 351 
 0.03752 97 18 352 
 0.03749 96 49 353 
 0.03747 97 92 354 
 0.03744 96 33 355 
 0.03741 74 34 356 
 0.03738 92 24 357 
 0.03736 80 55 358 
 0.03733 27 26 359 
 0.03728 96 61 360 
 0.03725 98 52 361 
 0.03717 96 62 362 
 0.03712 96 35 363 
 0.03709 74 65 364 
 0.03706 95 61 365 
 0.03704 96 86 366 
 0.03701 96 12 367 
 0.03696 94 82 368 
 0.03693 96 34 369 
 0.03691 96 37 370 
 0.03688 94 18 371 
 0.03685 45 18 372 
 0.03683 94 92 373 
 0.0368 93 18 374 
 0.03678 82 31 375 
 0.03675 93 92 376 
 0.03672 70 18 377 
 0.0367 92 68 378 
 0.03667 92 70 379 
 0.03665 92 31 380 
 0.03662 96 65 381 
 0.0366 92 48 382 
 0.03657 96 26 383 
 0.03655 92 22 384 
 0.03652 82 49 385 
 0.0365 33 18 386 
 0.03647 97 16 387 
 0.03644 92 49 388 
 0.03642 92 55 389 
 0.03639 92 33 390 
 0.03637 80 26 391 
 0.03627 82 62 392 
 0.03622 82 35 393 
 0.0362 62 18 394 
 0.03615 92 62 395 
 0.03612 82 61 396 
 0.0361 92 35 397 
 0.03607 86 18 398 
 0.03605 92 61 399 
 0.03603 92 86 400 
 0.036 18 12 401 
 0.03598 34 18 402 
 0.03595 92 12 403 
 0.03593 92 34 404 
 0.0359 92 37 405 
 0.03588 94 16 406 
 0.03581 93 16 407 
 0.03576 82 65 408 
 0.03574 92 65 409 
 0.03571 31 16 410 
 0.03569 81 16 411 
 0.03564 92 26 412 
 0.03562 48 16 413 
 0.03548 49 16 414 
 0.03546 55 16 415 
 0.03539 82 26 416 
 0.03534 78 21 417 
 0.03527 97 21 418 
 0.03525 62 16 419 
 0.03521 35 16 420 
 0.03514 86 16 421 
 0.03512 61 16 422 
 0.03507 16 12 423 
 0.03505 34 16 424 
 0.03503 37 16 425 
 0.035 47 8 426 
 0.03478 94 21 427 
 0.03476 93 21 428 
 0.03474 44 21 429 
 0.03472 88 21 430 
 0.0347 46 21 431 
 0.03468 68 21 432 
 0.03465 70 21 433 
 0.03463 31 21 434 
 0.03461 81 21 435 
 0.03457 91 21 436 
 0.03455 48 21 437 
 0.0345 33 21 438 
 0.03448 55 21 439 
 0.03442 49 21 440 
 0.0344 26 16 441 
 0.03421 62 21 442 
 0.03415 86 21 443 
 0.03409 21 12 444 
 0.03407 34 21 445 
 0.03405 37 21 446 
 0.03378 65 21 447 
 0.03372 78 17 448 
 0.03366 97 17 449 
 0.0336 24 17 450 
 0.03351 26 21 451 
 0.03324 28 0 452 
 0.0332 94 17 453 
 0.03316 95 28 454 
 0.03314 93 17 455 
 0.03312 96 28 456 
 0.03311 72 17 457 
 0.03309 80 28 458 
 0.03307 31 17 459 
 0.03305 81 17 460 
 0.03301 91 17 461 
 0.03299 48 17 462 
 0.03292 33 17 463 
 0.03288 49 17 464 
 0.03286 55 17 465 
 0.0327 62 17 466 
 0.03266 35 17 467 
 0.03261 86 17 468 
 0.03259 61 17 469 
 0.03256 17 12 470 
 0.03254 34 17 471 
 0.03252 37 17 472 
 0.0325 52 3 473 
 0.03229 65 17 474 
 0.03219 78 52 475 
 0.03217 97 52 476 
 0.03214 59 52 477 
 0.0321 99 28 478 
 0.03209 52 24 479 
 0.03195 56 28 480 
 0.03188 73 28 481 
 0.03185 52 39 482 
 0.03182 57 52 483 
 0.0318 94 52 484 
 0.03178 85 52 485 
 0.03175 93 52 486 
 0.03173 71 52 487 
 0.03172 68 52 488 
 0.0317 60 52 489 
 0.03167 81 52 490 
 0.03165 52 49 491 
 0.03164 91 52 492 
 0.03162 52 22 493 
 0.03159 28 14 494 
 0.03154 55 52 495 
 0.03139 52 35 496 
 0.03136 62 52 497 
 0.03134 86 52 498 
 0.03133 61 52 499 
 0.0313 52 37 500 
 0.03125 52 34 501 
 0.03112 65 52 502 
 0.03079 52 26 503 
 0.03074 99 89 504 
 0.0307 89 73 505 
 0.03065 89 29 506 
 0.03064 89 56 507 
 0.03029 89 74 508 
 0.03023 89 14 509 
 0.03015 95 89 510 
 0.02998 96 89 511 
 0.02996 89 66 512 
 0.02992 89 10 513 
 0.0299 89 80 514 
 0.02956 99 90 515 
 0.02954 90 73 516 
 0.02952 90 0 517 
 0.02948 90 29 518 
 0.02946 90 56 519 
 0.02915 90 74 520 
 0.02913 92 89 521 
 0.0291 90 14 522 
 0.02908 95 90 523 
 0.02903 99 8 524 
 0.029 89 16 525 
 0.02899 73 8 526 
 0.02894 56 8 527 
 0.02888 96 90 528 
 0.02886 90 66 529 
 0.02883 90 10 530 
 0.0288 90 80 531 
 0.02879 14 8 532 
 0.02877 28 21 533 
 0.02869 74 8 534 
 0.0285 90 82 535 
 0.02845 8 4 536 
 0.02843 95 8 537 
 0.02842 90 18 538 
 0.02838 10 8 539 
 0.02833 96 8 540 
 0.02832 66 8 541 
 0.02822 47 28 542 
 0.02811 98 28 543 
 0.02802 82 8 544 
 0.028 90 16 545 
 0.02794 18 8 546 
 0.02776 89 21 547 
 0.02768 92 8 548 
 0.02764 98 89 549 
 0.02761 32 28 550 
 0.02759 16 8 551 
 0.02754 89 47 552 
 0.02726 89 17 553 
 0.02718 89 13 554 
 0.02716 89 32 555 
 0.02712 98 8 556 
 0.02705 32 8 557 
 0.02698 97 89 558 
 0.02697 89 78 559 
 0.02696 89 59 560 
 0.02695 89 38 561 
 0.02694 89 19 562 
 0.02691 89 24 563 
 0.0269 90 21 564 
 0.02687 89 22 565 
 0.02679 98 90 566 
 0.02676 89 46 567 
 0.02675 93 89 568 
 0.02674 94 89 569 
 0.02673 89 85 570 
 0.02672 89 70 571 
 0.02671 89 88 572 
 0.0267 90 47 573 
 0.02669 89 68 574 
 0.02668 89 81 575 
 0.02667 89 31 576 
 0.02666 91 89 577 
 0.02663 89 61 578 
 0.02661 89 49 579 
 0.0266 89 55 580 
 0.02659 89 33 581 
 0.0265 90 13 582 
 0.02649 89 34 583 
 0.02648 89 62 584 
 0.02647 89 86 585 
 0.02643 90 17 586 
 0.02642 89 37 587 
 0.0264 21 8 588 
 0.02635 90 32 589 
 0.02632 97 90 590 
 0.02629 90 78 591 
 0.02628 90 59 592 
 0.02626 90 19 593 
 0.02624 52 28 594 
 0.02623 90 24 595 
 0.02621 90 22 596 
 0.02613 90 46 597 
 0.0261 93 90 598 
 0.02608 94 90 599 
 0.02607 90 85 600 
 0.02605 90 88 601 
 0.02604 90 81 602 
 0.02603 90 68 603 
 0.02602 91 90 604 
 0.02601 90 31 605 
 0.026 90 71 606 
 0.02599 90 61 607 
 0.02598 90 48 608 
 0.02596 90 49 609 
 0.02595 90 55 610 
 0.02594 90 33 611 
 0.02588 90 34 612 
 0.02585 90 35 613 
 0.02583 90 62 614 
 0.02582 90 86 615 
 0.02578 90 37 616 
 0.02574 90 26 617 
 0.02572 28 3 618 
 0.02566 89 52 619 
 0.02565 90 65 620 
 0.02553 78 28 621 
 0.0255 97 28 622 
 0.02548 28 24 623 
 0.02531 93 28 624 
 0.0253 94 28 625 
 0.02529 89 3 626 
 0.02528 85 28 627 
 0.02527 70 28 628 
 0.02526 68 28 629 
 0.02525 60 28 630 
 0.02524 81 28 631 
 0.02523 48 28 632 
 0.02522 91 28 633 
 0.02521 28 5 634 
 0.0252 55 28 635 
 0.02518 49 28 636 
 0.02516 33 28 637 
 0.02509 9 8 638 
 0.02508 62 28 639 
 0.02506 61 28 640 
 0.02505 8 3 641 
 0.02504 86 28 642 
 0.02502 28 12 643 
 0.025 37 28 644 
 0.02498 90 52 645 
 0.02496 65 28 646 
 0.02491 28 26 647 
 0.02479 78 8 648 
 0.02477 97 8 649 
 0.02476 24 8 650 
 0.02464 40 8 651 
 0.02463 90 3 652 
 0.02462 94 8 653 
 0.02461 85 8 654 
 0.02459 93 8 655 
 0.02458 72 8 656 
 0.02457 81 8 657 
 0.02456 71 8 658 
 0.02455 49 8 659 
 0.02454 91 8 660 
 0.02453 31 8 661 
 0.0245 33 8 662 
 0.02448 55 8 663 
 0.02443 35 8 664 
 0.02442 86 8 665 
 0.02441 62 8 666 
 0.0244 12 8 667 
 0.02439 65 8 668 
 0.02438 61 8 669 
 0.02437 37 8 670 
 0.02436 34 8 671 
 0.02414 26 8 672 
 0.02253 89 28 673 
 0.02207 90 28 674 
 0.0218 28 8 675 
 0.02135 89 8 676 
 0.02095 90 8 677 
 0.01455 96 76 678 
 0.01454 80 76 679 
 0.01453 95 76 680 
 0.01449 76 18 681 
 0.01446 92 76 682 
 0.01445 99 76 683 
 0.01444 76 73 684 
 0.01441 76 74 685 
 0.0144 76 14 686 
 0.01433 82 76 687 
 0.01427 76 16 688 
 0.01421 76 17 689 
 0.0141 76 21 690 
 0.01405 98 76 691 
 0.01399 76 32 692 
 0.0138 76 52 693 
 0.01372 76 3 694 
 0.01369 97 76 695 
 0.01366 94 76 696 
 0.01365 91 76 697 
 0.01364 76 55 698 
 0.01362 86 76 699 
 0.01361 76 37 700 
 0.0136 76 65 701 
 0.01338 76 28 702 
 0.01315 89 76 703 
 0.01313 96 77 704 
 0.01312 80 77 705 
 0.01309 77 18 706 
 0.01308 77 27 707 
 0.01307 99 77 708 
 0.01306 90 76 709 
 0.01304 77 74 710 
 0.01303 77 14 711 
 0.013 76 8 712 
 0.01298 82 77 713 
 0.01294 77 16 714 
 0.01289 77 17 715 
 0.01281 77 21 716 
 0.01279 77 47 717 
 0.01278 98 77 718 
 0.01273 77 32 719 
 0.01258 77 52 720 
 0.01253 77 3 721 
 0.01252 97 77 722 
 0.01251 77 24 723 
 0.0125 77 44 724 
 0.01249 94 77 725 
 0.01248 91 77 726 
 0.01247 77 62 727 
 0.01246 86 77 728 
 0.01245 77 26 729 
 0.01244 77 65 730 
 0.01226 77 28 731 
 0.01208 89 77 732 
 0.01201 90 77 733 
 0.01197 77 8 734 
 0.01151 96 75 735 
 0.0115 75 66 736 
 0.01149 95 75 737 
 0.01147 75 27 738 
 0.01145 99 75 739 
 0.01144 92 75 740 
 0.01143 75 74 741 
 0.01142 75 14 742 
 0.01139 82 75 743 
 0.01136 75 16 744 
 0.01132 75 17 745 
 0.01128 75 21 746 
 0.01127 75 47 747 
 0.01125 98 75 748 
 0.01123 75 32 749 
 0.01113 75 52 750 
 0.0111 75 3 751 
 0.01107 97 75 752 
 0.01106 75 55 753 
 0.01105 94 75 754 
 0.01104 75 62 755 
 0.01103 86 75 756 
 0.01102 75 65 757 
 0.0109 75 28 758 
 0.01088 76 75 759 
 0.01077 89 75 760 
 0.01072 90 75 761 
 0.01069 75 8 762 
 0.00923 77 75 763 
 