1.0 99 99 1 
 0.98947 86 12 2 
 0.98936 93 46 3 
 0.98925 94 93 4 
 0.98913 97 78 5 
 0.97917 48 5 6 
 0.97895 91 81 7 
 0.97872 97 70 8 
 0.97849 97 94 9 
 0.96907 71 33 10 
 0.96875 93 34 11 
 0.96842 94 48 12 
 0.96809 97 93 13 
 0.95918 49 48 14 
 0.95876 91 55 15 
 0.95833 97 34 16 
 0.95789 97 91 17 
 0.94898 72 26 18 
 0.94845 94 49 19 
 0.94792 97 48 20 
 0.94737 94 31 21 
 0.93939 86 26 22 
 0.93878 94 26 23 
 0.93814 97 55 24 
 0.9375 93 31 25 
 0.93684 78 31 26 
 0.93548 90 89 27 
 0.93069 91 61 28 
 0.93 26 12 29 
 0.92929 93 26 30 
 0.92857 97 49 31 
 0.92784 91 31 32 
 0.92708 97 31 33 
 0.92079 61 57 34 
 0.92 91 26 35 
 0.91919 97 26 36 
 0.91837 48 31 37 
 0.91753 31 24 38 
 0.91262 61 55 39 
 0.91089 94 61 40 
 0.90909 55 31 41 
 0.90291 61 12 42 
 0.90196 93 61 43 
 0.90099 78 61 44 
 0.9 49 31 45 
 0.8932 86 61 46 
 0.89216 97 61 47 
 0.89109 31 26 48 
 0.88571 61 49 49 
 0.88462 61 48 50 
 0.8835 61 24 51 
 0.87619 61 34 52 
 0.86792 61 33 53 
 0.86538 61 31 54 
 0.85981 61 26 55 
 0.84932 98 32 56 
 0.83333 86 65 57 
 0.83178 94 65 58 
 0.82569 65 48 59 
 0.82407 93 65 60 
 0.82243 78 65 61 
 0.81651 91 65 62 
 0.81481 97 65 63 
 0.81081 65 49 64 
 0.80909 65 37 65 
 0.80734 65 31 66 
 0.80357 65 26 67 
 0.8018 65 55 68 
 0.8 82 16 69 
 0.79464 65 33 70 
 0.76724 65 61 71 
 0.71429 96 10 72 
 0.69231 80 10 73 
 0.68966 77 76 74 
 0.67532 98 47 75 
 0.64894 98 59 76 
 0.6383 98 78 77 
 0.63636 10 4 78 
 0.63542 98 60 79 
 0.63158 98 97 80 
 0.62887 98 48 81 
 0.625 98 93 82 
 0.62376 59 32 83 
 0.62245 98 34 84 
 0.61856 98 91 85 
 0.61765 40 32 86 
 0.61616 98 49 87 
 0.61538 82 74 88 
 0.61386 78 32 89 
 0.61224 98 37 90 
 0.61165 60 32 91 
 0.60784 97 32 92 
 0.60606 98 55 93 
 0.60577 48 32 94 
 0.60465 47 32 95 
 0.60194 93 32 96 
 0.6 98 33 97 
 0.59615 91 32 98 
 0.59434 49 32 99 
 0.59406 98 26 100 
 0.59048 98 65 101 
 0.58491 55 32 102 
 0.57944 33 32 103 
 0.57692 98 61 104 
 0.57407 32 26 105 
 0.57143 74 16 106 
 0.55856 61 32 107 
 0.53846 92 18 108 
 0.53333 66 10 109 
 0.50485 32 3 110 
 0.5 96 66 111 
 0.48598 47 39 112 
 0.48182 49 47 113 
 0.48148 47 9 114 
 0.48113 78 47 115 
 0.47706 48 47 116 
 0.47664 97 47 117 
 0.47368 96 95 118 
 0.47222 93 47 119 
 0.47059 80 66 120 
 0.46789 91 47 121 
 0.46667 96 4 122 
 0.46552 65 47 123 
 0.46364 47 37 124 
 0.45946 55 47 125 
 0.45833 28 17 126 
 0.45536 47 33 127 
 0.45133 47 26 128 
 0.44444 95 80 129 
 0.43966 61 47 130 
 0.43137 98 3 131 
 0.42105 95 66 132 
 0.41176 95 10 133 
 0.40909 66 18 134 
 0.40566 47 3 135 
 0.4 74 0 136 
 0.3913 96 18 137 
 0.38583 40 3 138 
 0.38095 78 3 139 
 0.37931 17 16 140 
 0.37795 97 3 141 
 0.375 93 3 142 
 0.37405 33 3 143 
 0.37209 91 3 144 
 0.36923 48 3 145 
 0.36842 18 4 146 
 0.36641 55 3 147 
 0.36364 80 18 148 
 0.36296 61 3 149 
 0.3609 26 3 150 
 0.35714 82 0 151 
 0.34694 92 28 152 
 0.34615 92 82 153 
 0.34532 65 3 154 
 0.33333 96 92 155 
 0.31915 28 18 156 
 0.30769 92 80 157 
 0.30435 92 4 158 
 0.3 82 17 159 
 0.29167 82 18 160 
 0.28571 92 16 161 
 0.26667 80 17 162 
 0.25926 17 4 163 
 0.25806 66 17 164 
 0.25 99 42 165 
 0.2381 74 18 166 
 0.23404 28 16 167 
 0.23077 82 29 168 
 0.21429 73 42 169 
 0.21277 82 28 170 
 0.21111 21 3 171 
 0.20833 96 28 172 
 0.2 92 74 173 
 0.19149 80 28 174 
 0.19048 76 75 175 
 0.1875 96 27 176 
 0.18182 42 14 177 
 0.17391 28 10 178 
 0.17241 74 17 179 
 0.15556 28 4 180 
 0.15385 27 10 181 
 0.14545 73 52 182 
 0.14286 99 29 183 
 0.13386 57 52 184 
 0.13333 99 73 185 
 0.13265 98 8 186 
 0.13178 52 12 187 
 0.13174 90 34 188 
 0.13125 89 46 189 
 0.13043 95 56 190 
 0.12977 52 49 191 
 0.12963 89 34 192 
 0.12805 97 90 193 
 0.12791 90 61 194 
 0.12727 93 90 195 
 0.12698 78 52 196 
 0.12651 90 70 197 
 0.12598 97 52 198 
 0.12593 61 52 199 
 0.12579 97 89 200 
 0.12575 90 22 201 
 0.125 93 89 202 
 0.12426 90 49 203 
 0.12422 89 70 204 
 0.12403 91 52 205 
 0.12353 90 26 206 
 0.12346 89 22 207 
 0.12308 52 48 208 
 0.12214 55 52 209 
 0.12195 90 78 210 
 0.12121 94 90 211 
 0.12048 90 88 212 
 0.1203 52 26 213 
 0.11976 91 90 214 
 0.1195 89 78 215 
 0.1194 98 56 216 
 0.11905 90 48 217 
 0.11875 94 89 218 
 0.11856 77 75 219 
 0.11834 90 55 220 
 0.11818 52 32 221 
 0.11801 89 88 222 
 0.11765 99 95 223 
 0.11728 91 89 224 
 0.11702 73 24 225 
 0.11667 52 3 226 
 0.11656 89 48 227 
 0.11594 52 21 228 
 0.11585 89 55 229 
 0.11579 86 73 230 
 0.11515 89 33 231 
 0.11511 65 52 232 
 0.11458 73 12 233 
 0.11299 90 65 234 
 0.11111 99 27 235 
 0.11047 89 65 236 
 0.10753 78 73 237 
 0.10714 92 76 238 
 0.10638 97 73 239 
 0.10526 93 73 240 
 0.10476 92 77 241 
 0.10417 91 73 242 
 0.10345 21 0 243 
 0.10309 73 48 244 
 0.10294 98 73 245 
 0.10204 96 77 246 
 0.10156 40 8 247 
 0.10145 65 8 248 
 0.10101 73 49 249 
 0.10078 9 8 250 
 0.1 99 0 251 
 0.09848 49 8 252 
 0.09709 73 61 253 
 0.09677 92 56 254 
 0.09615 80 76 255 
 0.096 96 75 256 
 0.09574 78 56 257 
 0.09474 97 56 258 
 0.09449 78 8 259 
 0.09434 96 76 260 
 0.09375 97 8 261 
 0.09302 93 8 262 
 0.09278 91 56 263 
 0.09231 91 8 264 
 0.09195 73 3 265 
 0.09184 77 66 266 
 0.0916 37 8 267 
 0.09091 95 77 268 
 0.09023 33 8 269 
 0.09 56 49 270 
 0.08955 26 8 271 
 0.08759 61 8 272 
 0.08738 77 18 273 
 0.08696 82 56 274 
 0.08654 61 56 275 
 0.08621 56 52 276 
 0.08571 73 21 277 
 0.08547 61 21 278 
 0.08491 76 66 279 
 0.08462 31 8 280 
 0.08411 95 76 281 
 0.08333 99 74 282 
 0.08264 8 3 283 
 0.08257 97 21 284 
 0.08209 92 75 285 
 0.08182 93 21 286 
 0.08163 80 77 287 
 0.0813 75 10 288 
 0.08108 95 21 289 
 0.08036 48 21 290 
 0.08 80 75 291 
 0.07965 55 21 292 
 0.07937 75 66 293 
 0.07895 49 21 294 
 0.07874 95 75 295 
 0.07826 26 21 296 
 0.07692 92 0 297 
 0.07595 98 92 298 
 0.07563 76 17 299 
 0.07438 65 21 300 
 0.07368 77 4 301 
 0.07353 76 28 302 
 0.07317 92 47 303 
 0.07143 73 29 304 
 0.07042 98 66 305 
 0.07 96 45 306 
 0.06977 89 52 307 
 0.06944 98 96 308 
 0.06931 95 46 309 
 0.06897 99 21 310 
 0.06849 73 47 311 
 0.06818 92 32 312 
 0.06796 96 55 313 
 0.06757 66 47 314 
 0.06731 66 26 315 
 0.06711 89 32 316 
 0.06667 96 47 317 
 0.06593 96 3 318 
 0.06481 96 61 319 
 0.06452 90 32 320 
 0.06429 75 17 321 
 0.06383 98 89 322 
 0.06369 75 28 323 
 0.06316 95 89 324 
 0.0625 80 27 325 
 0.06202 93 28 326 
 0.06195 92 26 327 
 0.06173 96 32 328 
 0.06161 75 61 329 
 0.06154 77 28 330 
 0.06122 98 90 331 
 0.06061 97 66 332 
 0.06 97 96 333 
 0.0597 47 27 334 
 0.05952 98 21 335 
 0.05941 96 93 336 
 0.05882 99 82 337 
 0.05825 96 48 338 
 0.05797 92 52 339 
 0.05769 96 34 340 
 0.05742 75 26 341 
 0.05714 96 49 342 
 0.0566 99 52 343 
 0.05645 75 4 344 
 0.05607 92 78 345 
 0.05587 75 47 346 
 0.05556 99 96 347 
 0.05505 95 61 348 
 0.05495 66 3 349 
 0.05479 98 95 350 
 0.05469 78 28 351 
 0.05455 92 91 352 
 0.05426 97 28 353 
 0.05419 78 75 354 
 0.05405 92 48 355 
 0.05392 97 75 356 
 0.05385 88 28 357 
 0.05376 99 85 358 
 0.05366 93 75 359 
 0.05357 96 65 360 
 0.05344 91 28 361 
 0.0534 91 75 362 
 0.05319 89 56 363 
 0.05314 75 48 364 
 0.0531 92 49 365 
 0.05303 48 28 366 
 0.05288 75 34 367 
 0.05263 96 0 368 
 0.05224 49 28 369 
 0.05208 25 14 370 
 0.05195 98 18 371 
 0.05155 99 33 372 
 0.05128 92 61 373 
 0.05093 75 65 374 
 0.05085 77 19 375 
 0.05072 61 28 376 
 0.05056 77 36 377 
 0.05 92 65 378 
 0.04965 65 28 379 
 0.0495 77 56 380 
 0.04945 77 49 381 
 0.04938 89 3 382 
 0.04918 77 26 383 
 0.04902 98 28 384 
 0.04878 95 32 385 
 0.04839 96 52 386 
 0.04795 89 47 387 
 0.04762 90 3 388 
 0.04712 76 26 389 
 0.04706 98 17 390 
 0.04673 60 18 391 
 0.04667 98 77 392 
 0.04651 32 18 393 
 0.04615 99 98 394 
 0.04605 90 47 395 
 0.04587 76 56 396 
 0.04545 47 21 397 
 0.0452 78 77 398 
 0.04505 26 18 399 
 0.04494 97 77 400 
 0.04478 28 21 401 
 0.04469 93 77 402 
 0.04444 91 77 403 
 0.0442 77 48 404 
 0.04412 98 14 405 
 0.04403 77 32 406 
 0.04396 77 55 407 
 0.04372 77 33 408 
 0.04348 99 78 409 
 0.04301 99 97 410 
 0.04278 76 72 411 
 0.04255 99 93 412 
 0.04225 47 14 413 
 0.04211 99 91 414 
 0.04202 26 17 415 
 0.04192 76 32 416 
 0.04167 99 48 417 
 0.04124 99 55 418 
 0.04082 99 49 419 
 0.04054 99 32 420 
 0.0404 99 26 421 
 0.04 82 66 422 
 0.0396 80 45 423 
 0.03922 99 61 424 
 0.03911 98 75 425 
 0.03896 95 47 426 
 0.03889 77 31 427 
 0.03883 61 0 428 
 0.03846 99 92 429 
 0.0381 99 65 430 
 0.03774 98 76 431 
 0.03763 78 76 432 
 0.03743 97 76 433 
 0.03738 93 18 434 
 0.03723 93 76 435 
 0.03704 91 76 436 
 0.03684 76 48 437 
 0.03676 90 8 438 
 0.0367 80 61 439 
 0.03665 76 34 440 
 0.03646 76 49 441 
 0.03636 55 18 442 
 0.03604 49 18 443 
 0.03571 76 61 444 
 0.0354 78 17 445 
 0.03529 99 3 446 
 0.03518 76 65 447 
 0.03509 97 17 448 
 0.03478 93 17 449 
 0.03448 91 17 450 
 0.03419 48 17 451 
 0.03409 14 3 452 
 0.0339 65 18 453 
 0.03371 99 89 454 
 0.03361 49 17 455 
 0.03333 99 17 456 
 0.03261 80 3 457 
 0.03252 61 17 458 
 0.03226 82 52 459 
 0.03175 65 17 460 
 0.03158 99 90 461 
 0.0315 89 28 462 
 0.03125 90 0 463 
 0.03061 31 14 464 
 0.0303 98 42 465 
 0.03008 90 28 466 
 0.03 80 78 467 
 0.02985 98 0 468 
 0.0297 97 80 469 
 0.02941 97 82 470 
 0.02913 93 82 471 
 0.02899 99 47 472 
 0.02885 91 82 473 
 0.02857 82 48 474 
 0.0283 82 55 475 
 0.02817 98 10 476 
 0.02804 82 49 477 
 0.02778 82 26 478 
 0.02752 65 14 479 
 0.02703 98 82 480 
 0.02667 52 17 481 
 0.02655 80 65 482 
 0.02632 82 65 483 
 0.02597 82 47 484 
 0.02564 96 21 485 
 0.025 32 10 486 
 0.0241 82 32 487 
 0.02326 21 18 488 
 0.02299 3 0 489 
 0.02273 75 73 490 
 0.02198 10 3 491 
 0.02174 78 29 492 
 0.02151 97 29 493 
 0.02128 93 29 494 
 0.02113 77 52 495 
 0.02105 91 29 496 
 0.02083 48 29 497 
 0.02062 78 74 498 
 0.02055 75 21 499 
 0.02041 97 74 500 
 0.0202 96 89 501 
 0.02 97 10 502 
 0.0198 93 10 503 
 0.01961 91 10 504 
 0.01942 78 16 505 
 0.01923 97 16 506 
 0.01905 96 90 507 
 0.01887 91 16 508 
 0.01869 92 89 509 
 0.01852 55 16 510 
 0.01835 49 16 511 
 0.01818 74 65 512 
 0.01786 76 73 513 
 0.0177 92 90 514 
 0.01724 74 52 515 
 0.01667 82 8 516 
 0.01639 16 8 517 
 0.01613 89 76 518 
 0.01587 76 21 519 
 0.01575 75 0 520 
 0.01562 90 76 521 
 0.01538 98 29 522 
 0.01504 75 56 523 
 0.01471 47 29 524 
 0.01449 92 8 525 
 0.01429 98 74 526 
 0.01408 90 75 527 
 0.0137 74 47 528 
 0.01351 32 29 529 
 0.01316 98 16 530 
 0.01266 74 32 531 
 0.01183 75 8 532 
 0.01176 32 16 533 
 0.01124 89 29 534 
 0.01117 89 77 535 
 0.01111 74 3 536 
 0.01099 89 27 537 
 0.01081 90 77 538 
 0.01064 89 74 539 
 0.01053 90 29 540 
 0.01042 16 3 541 
 0.01031 90 27 542 
 0.0102 89 80 543 
 0.0101 97 4 544 
 0.01 93 4 545 
 0.0099 91 4 546 
 0.0098 48 4 547 
 0.00971 55 4 548 
 0.00962 90 80 549 
 0.00943 90 16 550 
 0.00926 61 4 551 
 0.00909 90 18 552 
 0.00901 65 4 553 
 0.00893 89 17 554 
 0.00877 82 76 555 
 0.00847 90 17 556 
 0.0084 77 21 557 
 0.00741 82 75 558 
 0.00709 77 8 559 
 0.0 99 80 560 
 