1.0 99 99 
 0.999 97 78 
 0.998 97 94 
 0.997 97 91 
 0.996 97 86 
 0.995 97 71 
 0.994 94 33 
 0.993 97 33 
 0.992 61 57 
 0.991 94 61 
 0.99 97 61 
 0.989 61 49 
 0.988 71 61 
 0.987 61 48 
 0.986 61 33 
 0.979 82 74 
 0.976 77 76 
 0.968 98 59 
 0.967 98 60 
 0.966 98 78 
 0.965 98 94 
 0.964 98 88 
 0.963 98 97 
 0.962 98 93 
 0.961 98 91 
 0.96 98 46 
 0.958 98 71 
 0.957 98 61 
 0.956 98 33 
 0.948 96 80 
 0.947 80 10 
 0.946 28 16 
 0.943 65 49 
 0.942 94 65 
 0.941 93 65 
 0.94 97 65 
 0.939 92 17 
 0.938 65 44 
 0.936 65 33 
 0.934 65 61 
 0.93 98 65 
 0.925 92 18 
 0.923 98 32 
 0.91 96 4 
 0.909 40 32 
 0.906 96 66 
 0.904 66 10 
 0.902 66 4 
 0.897 59 32 
 0.896 60 32 
 0.895 78 32 
 0.894 94 32 
 0.893 97 32 
 0.892 93 32 
 0.891 91 32 
 0.89 46 32 
 0.888 71 32 
 0.887 61 32 
 0.886 33 32 
 0.882 74 28 
 0.879 96 95 
 0.876 95 10 
 0.875 18 17 
 0.872 95 66 
 0.868 82 17 
 0.864 65 32 
 0.862 95 80 
 0.856 92 28 
 0.845 98 47 
 0.823 47 9 
 0.821 74 17 
 0.814 49 47 
 0.811 47 39 
 0.809 47 44 
 0.808 78 47 
 0.807 88 47 
 0.806 97 47 
 0.805 72 47 
 0.804 93 47 
 0.803 68 47 
 0.802 86 47 
 0.801 71 47 
 0.8 73 56 
 0.799 47 5 
 0.798 47 33 
 0.792 65 47 
 0.788 47 32 
 0.785 28 18 
 0.724 18 10 
 0.722 18 4 
 0.712 96 18 
 0.71 92 16 
 0.709 92 82 
 0.707 29 0 
 0.706 66 18 
 0.698 80 18 
 0.684 95 18 
 0.661 92 74 
 0.627 92 4 
 0.621 32 3 
 0.618 95 92 
 0.616 92 10 
 0.615 82 18 
 0.613 92 66 
 0.608 21 3 
 0.606 96 92 
 0.598 42 0 
 0.577 74 0 
 0.571 74 18 
 0.569 61 3 
 0.568 47 8 
 0.567 30 3 
 0.566 33 3 
 0.56 40 3 
 0.557 24 3 
 0.55 19 3 
 0.549 78 3 
 0.548 97 3 
 0.547 94 3 
 0.546 93 3 
 0.545 86 3 
 0.543 82 0 
 0.542 34 3 
 0.54 98 3 
 0.507 65 3 
 0.48 47 3 
 0.451 16 0 
 0.416 17 4 
 0.408 74 29 
 0.394 96 17 
 0.39 73 12 
 0.382 86 73 
 0.381 56 12 
 0.373 86 56 
 0.372 56 26 
 0.371 56 24 
 0.363 60 56 
 0.362 73 31 
 0.36 73 65 
 0.356 73 35 
 0.355 73 57 
 0.354 73 70 
 0.353 56 19 
 0.352 73 5 
 0.351 73 49 
 0.35 56 55 
 0.348 62 56 
 0.347 56 35 
 0.346 94 73 
 0.345 93 73 
 0.344 97 73 
 0.343 98 56 
 0.342 73 33 
 0.341 73 55 
 0.339 73 62 
 0.338 73 42 
 0.336 78 73 
 0.335 73 59 
 0.331 56 32 
 0.328 73 44 
 0.325 76 75 
 0.318 98 73 
 0.307 73 32 
 0.299 42 12 
 0.292 99 85 
 0.29 42 5 
 0.289 99 33 
 0.286 99 42 
 0.285 86 42 
 0.284 42 37 
 0.282 66 26 
 0.28 99 98 
 0.277 99 57 
 0.276 72 42 
 0.275 99 5 
 0.273 99 49 
 0.271 62 42 
 0.27 99 61 
 0.269 42 34 
 0.268 99 78 
 0.267 99 97 
 0.264 18 0 
 0.263 99 26 
 0.262 99 94 
 0.261 99 93 
 0.26 99 91 
 0.259 99 48 
 0.258 99 55 
 0.256 99 62 
 0.255 99 86 
 0.254 99 37 
 0.246 66 55 
 0.244 73 47 
 0.243 72 66 
 0.24 99 32 
 0.239 78 66 
 0.238 97 66 
 0.237 99 65 
 0.236 96 28 
 0.234 66 28 
 0.233 94 66 
 0.232 91 66 
 0.231 66 48 
 0.23 98 66 
 0.228 86 66 
 0.227 66 37 
 0.22 66 32 
 0.217 25 14 
 0.215 98 42 
 0.212 56 0 
 0.209 66 65 
 0.203 82 42 
 0.202 73 3 
 0.2 42 32 
 0.199 29 16 
 0.198 96 27 
 0.196 90 13 
 0.194 90 38 
 0.193 90 22 
 0.192 89 38 
 0.191 89 22 
 0.188 90 61 
 0.186 90 26 
 0.185 90 46 
 0.184 89 26 
 0.183 97 90 
 0.182 93 90 
 0.181 90 70 
 0.18 97 89 
 0.179 94 90 
 0.178 93 14 
 0.177 94 89 
 0.176 90 86 
 0.175 97 14 
 0.174 89 44 
 0.173 99 47 
 0.172 90 65 
 0.17 89 65 
 0.169 99 73 
 0.168 42 16 
 0.165 66 0 
 0.158 98 52 
 0.155 52 31 
 0.154 27 10 
 0.151 52 5 
 0.15 52 49 
 0.149 99 95 
 0.148 98 14 
 0.146 97 52 
 0.145 94 52 
 0.144 91 52 
 0.143 99 27 
 0.142 62 52 
 0.141 61 21 
 0.139 52 26 
 0.138 31 14 
 0.137 32 14 
 0.135 52 3 
 0.134 65 14 
 0.131 9 8 
 0.13 99 3 
 0.125 77 75 
 0.123 42 14 
 0.122 49 27 
 0.12 99 0 
 0.119 98 8 
 0.117 66 3 
 0.116 72 0 
 0.114 96 76 
 0.11 72 21 
 0.109 73 14 
 0.108 93 21 
 0.106 94 21 
 0.105 97 21 
 0.104 95 76 
 0.103 96 75 
 0.102 92 26 
 0.101 98 21 
 0.1 73 29 
 0.099 80 75 
 0.095 49 8 
 0.094 96 77 
 0.093 98 92 
 0.092 97 0 
 0.091 97 8 
 0.09 94 0 
 0.089 95 77 
 0.088 95 56 
 0.087 80 77 
 0.086 99 52 
 0.085 73 27 
 0.084 32 0 
 0.083 96 0 
 0.082 95 75 
 0.081 96 26 
 0.08 75 4 
 0.079 97 27 
 0.078 92 65 
 0.077 94 27 
 0.076 92 78 
 0.075 97 92 
 0.074 94 92 
 0.073 92 91 
 0.072 99 21 
 0.071 89 73 
 0.07 75 18 
 0.069 99 74 
 0.068 96 61 
 0.063 52 21 
 0.062 95 3 
 0.061 99 14 
 0.06 99 89 
 0.059 96 73 
 0.058 96 55 
 0.057 99 90 
 0.056 97 29 
 0.055 94 29 
 0.054 98 0 
 0.053 96 45 
 0.052 95 34 
 0.051 14 0 
 0.05 99 96 
 0.049 99 66 
 0.048 96 72 
 0.047 96 49 
 0.046 31 27 
 0.045 98 96 
 0.044 98 17 
 0.043 98 27 
 0.042 96 91 
 0.041 99 82 
 0.04 97 17 
 0.039 96 3 
 0.038 86 17 
 0.037 98 80 
 0.036 96 52 
 0.035 80 32 
 0.034 99 92 
 0.033 76 56 
 0.03 98 95 
 0.029 80 73 
 0.028 82 66 
 0.027 97 80 
 0.026 97 18 
 0.025 98 29 
 0.024 89 27 
 0.023 99 17 
 0.022 97 82 
 0.021 90 21 
 0.02 89 21 
 0.019 75 61 
 0.018 75 47 
 0.017 97 10 
 0.016 96 90 
 0.015 98 28 
 0.014 98 77 
 0.013 98 76 
 0.012 98 82 
 0.011 98 75 
 0.01 98 74 
 0.009 82 3 
 0.008 98 4 
 0.007 89 18 
 0.006 97 4 
 0.005 98 16 
 0.004 90 80 
 0.003 90 16 
 0.002 90 75 
 0.001 90 77 
 0.0 99 80 
 