1.0 99 99 
 0.5 97 78 
 0.41421 97 94 
 0.36603 97 93 
 0.33333 97 91 
 0.30902 97 35 
 0.2899 97 86 
 0.27429 97 49 
 0.2612 97 26 
 0.25 97 33 
 0.24025 99 42 
 0.23166 96 66 
 0.22401 99 27 
 0.21713 97 61 
 0.2109 96 95 
 0.20521 99 0 
 0.2 95 80 
 0.19519 82 74 
 0.19074 92 18 
 0.18661 73 42 
 0.18274 74 0 
 0.17913 56 42 
 0.17254 99 73 
 0.16952 56 0 
 0.16667 74 29 
 0.16139 74 42 
 0.15894 73 0 
 0.14459 99 74 
 0.14286 74 16 
 0.14119 74 27 
 0.13508 42 14 
 0.13232 99 14 
 0.13101 18 10 
 0.12973 27 14 
 0.1285 96 18 
 0.1273 66 18 
 0.12613 80 18 
 0.1239 95 18 
 0.12179 73 14 
 0.12077 98 32 
 0.11978 92 17 
 0.11882 29 4 
 0.11696 99 4 
 0.11519 99 95 
 0.11434 4 0 
 0.1135 99 10 
 0.11269 74 18 
 0.11189 99 96 
 0.11111 99 66 
 0.11035 99 80 
 0.1096 74 14 
 0.10815 80 0 
 0.10745 98 59 
 0.10676 98 78 
 0.10609 98 19 
 0.10543 98 24 
 0.10478 98 97 
 0.10414 96 73 
 0.10352 93 65 
 0.1029 97 65 
 0.1023 92 66 
 0.10171 96 92 
 0.10113 98 94 
 0.10056 98 88 
 0.1 65 33 
 0.09945 98 93 
 0.09891 98 81 
 0.09838 98 68 
 0.09785 98 91 
 0.09734 98 49 
 0.09683 98 71 
 0.09633 98 62 
 0.09584 74 66 
 0.09536 98 35 
 0.09488 98 86 
 0.09441 99 82 
 0.09395 98 34 
 0.0935 98 37 
 0.09305 98 47 
 0.09261 98 61 
 0.09218 66 14 
 0.09133 99 18 
 0.09009 56 18 
 0.0897 98 26 
 0.0893 16 0 
 0.08891 82 73 
 0.08778 73 18 
 0.08633 92 0 
 0.08463 40 32 
 0.08365 59 32 
 0.08333 78 32 
 0.08302 32 19 
 0.08271 82 14 
 0.0824 97 32 
 0.0821 98 65 
 0.0815 99 92 
 0.08092 92 42 
 0.08063 94 32 
 0.08035 99 16 
 0.07979 93 32 
 0.07952 92 56 
 0.07925 48 32 
 0.07898 91 32 
 0.07871 82 4 
 0.07845 92 73 
 0.07819 62 32 
 0.07767 82 10 
 0.07742 86 32 
 0.07717 96 82 
 0.07692 73 16 
 0.07668 82 80 
 0.07619 61 32 
 0.07457 32 26 
 0.07369 74 17 
 0.07326 92 14 
 0.07284 16 14 
 0.07047 65 32 
 0.07009 16 4 
 0.06937 16 10 
 0.06866 96 16 
 0.06849 66 16 
 0.06558 78 47 
 0.06543 47 19 
 0.06514 97 47 
 0.06499 47 24 
 0.06427 28 17 
 0.06413 47 39 
 0.06398 47 44 
 0.06385 47 36 
 0.06371 94 47 
 0.06357 88 47 
 0.0633 93 47 
 0.06316 81 47 
 0.06303 68 47 
 0.06289 91 47 
 0.06263 71 47 
 0.06224 62 47 
 0.06186 17 4 
 0.06173 47 35 
 0.06161 17 10 
 0.06148 61 47 
 0.06136 86 47 
 0.06124 47 37 
 0.06112 96 17 
 0.06099 66 17 
 0.05948 65 47 
 0.05937 99 21 
 0.05915 42 21 
 0.05882 73 21 
 0.05872 27 21 
 0.05861 17 0 
 0.05819 56 21 
 0.05687 98 56 
 0.05658 74 21 
 0.05649 98 73 
 0.05611 99 17 
 0.05602 21 14 
 0.05592 42 17 
 0.05583 73 47 
 0.05547 99 98 
 0.05502 99 47 
 0.05493 98 42 
 0.05476 95 21 
 0.05467 47 27 
 0.05458 21 4 
 0.0545 66 21 
 0.05424 96 21 
 0.05407 98 66 
 0.05399 47 29 
 0.05391 80 21 
 0.05366 66 47 
 0.05358 98 29 
 0.0535 98 0 
 0.05342 47 14 
 0.05334 98 14 
 0.05326 17 14 
 0.05279 56 32 
 0.05248 73 32 
 0.0521 82 21 
 0.05203 74 47 
 0.05166 98 74 
 0.05159 21 18 
 0.05137 99 32 
 0.05116 96 47 
 0.05109 42 32 
 0.05088 80 47 
 0.0506 47 10 
 0.05053 66 32 
 0.0504 98 96 
 0.05033 95 47 
 0.05027 98 80 
 0.0502 32 0 
 0.05013 98 95 
 0.05 32 29 
 0.0498 32 14 
 0.04955 92 21 
 0.04917 21 16 
 0.04843 74 32 
 0.04837 82 47 
 0.0482 47 18 
 0.04814 98 18 
 0.04808 98 82 
 0.04796 92 47 
 0.04791 98 92 
 0.04751 96 32 
 0.04728 80 32 
 0.04706 98 3 
 0.04611 47 16 
 0.04585 98 16 
 0.0456 32 18 
 0.04555 82 32 
 0.04531 92 32 
 0.04473 92 28 
 0.04469 47 3 
 0.04441 82 28 
 0.04374 99 52 
 0.04361 56 52 
 0.04356 32 16 
 0.04348 52 29 
 0.04344 52 0 
 0.04289 30 3 
 0.04268 98 21 
 0.04264 78 3 
 0.0426 19 3 
 0.04256 40 3 
 0.04252 97 3 
 0.04244 74 52 
 0.0424 61 3 
 0.04228 52 14 
 0.04205 94 3 
 0.04201 88 3 
 0.04197 95 52 
 0.04193 93 3 
 0.0419 81 3 
 0.04186 97 73 
 0.04182 91 3 
 0.04178 73 59 
 0.04174 96 52 
 0.0417 49 3 
 0.04159 80 52 
 0.04148 99 3 
 0.04144 52 10 
 0.0414 66 52 
 0.04137 86 3 
 0.04133 37 3 
 0.04126 32 21 
 0.04118 28 18 
 0.04115 34 3 
 0.04111 27 3 
 0.04104 94 73 
 0.041 73 57 
 0.04097 99 78 
 0.04093 97 66 
 0.0409 73 70 
 0.04086 99 97 
 0.04083 70 56 
 0.04079 56 31 
 0.04075 99 24 
 0.04072 73 5 
 0.04068 91 73 
 0.04065 73 48 
 0.04054 66 3 
 0.04051 98 17 
 0.04048 56 55 
 0.04044 73 33 
 0.04041 97 14 
 0.0403 24 14 
 0.04027 86 73 
 0.04024 73 12 
 0.0402 86 56 
 0.04017 78 0 
 0.04013 78 27 
 0.0401 94 66 
 0.04007 99 85 
 0.04003 99 94 
 0.04 99 57 
 0.03997 97 29 
 0.03993 99 93 
 0.0399 95 3 
 0.03987 99 72 
 0.03983 99 70 
 0.0398 99 31 
 0.03977 99 81 
 0.03974 99 5 
 0.0397 99 91 
 0.03967 99 48 
 0.03964 96 3 
 0.03961 99 33 
 0.03957 93 14 
 0.03954 99 49 
 0.03951 80 3 
 0.03948 70 14 
 0.03945 99 55 
 0.03941 81 14 
 0.03935 91 14 
 0.03932 48 14 
 0.03929 94 0 
 0.03925 94 27 
 0.03922 62 42 
 0.03919 94 29 
 0.03916 99 62 
 0.03913 86 42 
 0.0391 99 35 
 0.03907 86 66 
 0.03904 99 61 
 0.03901 99 86 
 0.03897 99 12 
 0.03894 91 27 
 0.03891 66 37 
 0.03888 99 34 
 0.03885 99 37 
 0.03882 62 14 
 0.03876 66 26 
 0.03873 86 14 
 0.0387 96 78 
 0.03867 49 29 
 0.03864 61 14 
 0.03861 97 96 
 0.03858 65 42 
 0.03855 34 14 
 0.03852 96 24 
 0.03846 99 65 
 0.03843 97 80 
 0.0384 66 65 
 0.03837 62 29 
 0.03834 93 74 
 0.03831 86 0 
 0.03829 86 27 
 0.03826 74 70 
 0.03823 86 29 
 0.0382 81 74 
 0.03817 37 0 
 0.03814 91 74 
 0.03811 74 48 
 0.03808 37 29 
 0.03805 99 26 
 0.03797 74 28 
 0.03794 96 45 
 0.03791 96 94 
 0.03788 96 57 
 0.03786 95 46 
 0.03783 96 93 
 0.03777 96 68 
 0.03774 96 70 
 0.03771 95 31 
 0.03769 96 81 
 0.03766 96 5 
 0.03763 96 91 
 0.0376 97 82 
 0.03758 96 55 
 0.03755 92 78 
 0.03752 97 18 
 0.03749 96 49 
 0.03747 97 92 
 0.03744 96 33 
 0.03741 74 34 
 0.03738 92 24 
 0.03736 80 55 
 0.03733 27 26 
 0.03728 96 61 
 0.03725 98 52 
 0.03717 96 62 
 0.03712 96 35 
 0.03709 74 65 
 0.03706 95 61 
 0.03704 96 86 
 0.03701 96 12 
 0.03696 94 82 
 0.03693 96 34 
 0.03691 96 37 
 0.03688 94 18 
 0.03685 45 18 
 0.03683 94 92 
 0.0368 93 18 
 0.03678 82 31 
 0.03675 93 92 
 0.03672 70 18 
 0.0367 92 68 
 0.03667 92 70 
 0.03665 92 31 
 0.03662 96 65 
 0.0366 92 48 
 0.03657 96 26 
 0.03655 92 22 
 0.03652 82 49 
 0.0365 33 18 
 0.03647 97 16 
 0.03644 92 49 
 0.03642 92 55 
 0.03639 92 33 
 0.03637 80 26 
 0.03627 82 62 
 0.03622 82 35 
 0.0362 62 18 
 0.03615 92 62 
 0.03612 82 61 
 0.0361 92 35 
 0.03607 86 18 
 0.03605 92 61 
 0.03603 92 86 
 0.036 18 12 
 0.03598 34 18 
 0.03595 92 12 
 0.03593 92 34 
 0.0359 92 37 
 0.03588 94 16 
 0.03581 93 16 
 0.03576 82 65 
 0.03574 92 65 
 0.03571 31 16 
 0.03569 81 16 
 0.03564 92 26 
 0.03562 48 16 
 0.03548 49 16 
 0.03546 55 16 
 0.03539 82 26 
 0.03534 78 21 
 0.03527 97 21 
 0.03525 62 16 
 0.03521 35 16 
 0.03514 86 16 
 0.03512 61 16 
 0.03507 16 12 
 0.03505 34 16 
 0.03503 37 16 
 0.035 47 8 
 0.03478 94 21 
 0.03476 93 21 
 0.03474 44 21 
 0.03472 88 21 
 0.0347 46 21 
 0.03468 68 21 
 0.03465 70 21 
 0.03463 31 21 
 0.03461 81 21 
 0.03457 91 21 
 0.03455 48 21 
 0.0345 33 21 
 0.03448 55 21 
 0.03442 49 21 
 0.0344 26 16 
 0.03421 62 21 
 0.03415 86 21 
 0.03409 21 12 
 0.03407 34 21 
 0.03405 37 21 
 0.03378 65 21 
 0.03372 78 17 
 0.03366 97 17 
 0.0336 24 17 
 0.03351 26 21 
 0.03324 28 0 
 0.0332 94 17 
 0.03316 95 28 
 0.03314 93 17 
 0.03312 96 28 
 0.03311 72 17 
 0.03309 80 28 
 0.03307 31 17 
 0.03305 81 17 
 0.03301 91 17 
 0.03299 48 17 
 0.03292 33 17 
 0.03288 49 17 
 0.03286 55 17 
 0.0327 62 17 
 0.03266 35 17 
 0.03261 86 17 
 0.03259 61 17 
 0.03256 17 12 
 0.03254 34 17 
 0.03252 37 17 
 0.0325 52 3 
 0.03229 65 17 
 0.03219 78 52 
 0.03217 97 52 
 0.03214 59 52 
 0.0321 99 28 
 0.03209 52 24 
 0.03195 56 28 
 0.03188 73 28 
 0.03185 52 39 
 0.03182 57 52 
 0.0318 94 52 
 0.03178 85 52 
 0.03175 93 52 
 0.03173 71 52 
 0.03172 68 52 
 0.0317 60 52 
 0.03167 81 52 
 0.03165 52 49 
 0.03164 91 52 
 0.03162 52 22 
 0.03159 28 14 
 0.03154 55 52 
 0.03139 52 35 
 0.03136 62 52 
 0.03134 86 52 
 0.03133 61 52 
 0.0313 52 37 
 0.03125 52 34 
 0.03112 65 52 
 0.03079 52 26 
 0.03074 99 89 
 0.0307 89 73 
 0.03065 89 29 
 0.03064 89 56 
 0.03029 89 74 
 0.03023 89 14 
 0.03015 95 89 
 0.02998 96 89 
 0.02996 89 66 
 0.02992 89 10 
 0.0299 89 80 
 0.02956 99 90 
 0.02954 90 73 
 0.02952 90 0 
 0.02948 90 29 
 0.02946 90 56 
 0.02915 90 74 
 0.02913 92 89 
 0.0291 90 14 
 0.02908 95 90 
 0.02903 99 8 
 0.029 89 16 
 0.02899 73 8 
 0.02894 56 8 
 0.02888 96 90 
 0.02886 90 66 
 0.02883 90 10 
 0.0288 90 80 
 0.02879 14 8 
 0.02877 28 21 
 0.02869 74 8 
 0.0285 90 82 
 0.02845 8 4 
 0.02843 95 8 
 0.02842 90 18 
 0.02838 10 8 
 0.02833 96 8 
 0.02832 66 8 
 0.02822 47 28 
 0.02811 98 28 
 0.02802 82 8 
 0.028 90 16 
 0.02794 18 8 
 0.02776 89 21 
 0.02768 92 8 
 0.02764 98 89 
 0.02761 32 28 
 0.02759 16 8 
 0.02754 89 47 
 0.02726 89 17 
 0.02718 89 13 
 0.02716 89 32 
 0.02712 98 8 
 0.02705 32 8 
 0.02698 97 89 
 0.02697 89 78 
 0.02696 89 59 
 0.02695 89 38 
 0.02694 89 19 
 0.02691 89 24 
 0.0269 90 21 
 0.02687 89 22 
 0.02679 98 90 
 0.02676 89 46 
 0.02675 93 89 
 0.02674 94 89 
 0.02673 89 85 
 0.02672 89 70 
 0.02671 89 88 
 0.0267 90 47 
 0.02669 89 68 
 0.02668 89 81 
 0.02667 89 31 
 0.02666 91 89 
 0.02663 89 61 
 0.02661 89 49 
 0.0266 89 55 
 0.02659 89 33 
 0.0265 90 13 
 0.02649 89 34 
 0.02648 89 62 
 0.02647 89 86 
 0.02643 90 17 
 0.02642 89 37 
 0.0264 21 8 
 0.02635 90 32 
 0.02632 97 90 
 0.02629 90 78 
 0.02628 90 59 
 0.02626 90 19 
 0.02624 52 28 
 0.02623 90 24 
 0.02621 90 22 
 0.02613 90 46 
 0.0261 93 90 
 0.02608 94 90 
 0.02607 90 85 
 0.02605 90 88 
 0.02604 90 81 
 0.02603 90 68 
 0.02602 91 90 
 0.02601 90 31 
 0.026 90 71 
 0.02599 90 61 
 0.02598 90 48 
 0.02596 90 49 
 0.02595 90 55 
 0.02594 90 33 
 0.02588 90 34 
 0.02585 90 35 
 0.02583 90 62 
 0.02582 90 86 
 0.02578 90 37 
 0.02574 90 26 
 0.02572 28 3 
 0.02566 89 52 
 0.02565 90 65 
 0.02553 78 28 
 0.0255 97 28 
 0.02548 28 24 
 0.02531 93 28 
 0.0253 94 28 
 0.02529 89 3 
 0.02528 85 28 
 0.02527 70 28 
 0.02526 68 28 
 0.02525 60 28 
 0.02524 81 28 
 0.02523 48 28 
 0.02522 91 28 
 0.02521 28 5 
 0.0252 55 28 
 0.02518 49 28 
 0.02516 33 28 
 0.02509 9 8 
 0.02508 62 28 
 0.02506 61 28 
 0.02505 8 3 
 0.02504 86 28 
 0.02502 28 12 
 0.025 37 28 
 0.02498 90 52 
 0.02496 65 28 
 0.02491 28 26 
 0.02479 78 8 
 0.02477 97 8 
 0.02476 24 8 
 0.02464 40 8 
 0.02463 90 3 
 0.02462 94 8 
 0.02461 85 8 
 0.02459 93 8 
 0.02458 72 8 
 0.02457 81 8 
 0.02456 71 8 
 0.02455 49 8 
 0.02454 91 8 
 0.02453 31 8 
 0.0245 33 8 
 0.02448 55 8 
 0.02443 35 8 
 0.02442 86 8 
 0.02441 62 8 
 0.0244 12 8 
 0.02439 65 8 
 0.02438 61 8 
 0.02437 37 8 
 0.02436 34 8 
 0.02414 26 8 
 0.02253 89 28 
 0.02207 90 28 
 0.0218 28 8 
 0.02135 89 8 
 0.02095 90 8 
 0.01455 96 76 
 0.01454 80 76 
 0.01453 95 76 
 0.01449 76 18 
 0.01446 92 76 
 0.01445 99 76 
 0.01444 76 73 
 0.01441 76 74 
 0.0144 76 14 
 0.01433 82 76 
 0.01427 76 16 
 0.01421 76 17 
 0.0141 76 21 
 0.01405 98 76 
 0.01399 76 32 
 0.0138 76 52 
 0.01372 76 3 
 0.01369 97 76 
 0.01366 94 76 
 0.01365 91 76 
 0.01364 76 55 
 0.01362 86 76 
 0.01361 76 37 
 0.0136 76 65 
 0.01338 76 28 
 0.01315 89 76 
 0.01313 96 77 
 0.01312 80 77 
 0.01309 77 18 
 0.01308 77 27 
 0.01307 99 77 
 0.01306 90 76 
 0.01304 77 74 
 0.01303 77 14 
 0.013 76 8 
 0.01298 82 77 
 0.01294 77 16 
 0.01289 77 17 
 0.01281 77 21 
 0.01279 77 47 
 0.01278 98 77 
 0.01273 77 32 
 0.01258 77 52 
 0.01253 77 3 
 0.01252 97 77 
 0.01251 77 24 
 0.0125 77 44 
 0.01249 94 77 
 0.01248 91 77 
 0.01247 77 62 
 0.01246 86 77 
 0.01245 77 26 
 0.01244 77 65 
 0.01226 77 28 
 0.01208 89 77 
 0.01201 90 77 
 0.01197 77 8 
 0.01151 96 75 
 0.0115 75 66 
 0.01149 95 75 
 0.01147 75 27 
 0.01145 99 75 
 0.01144 92 75 
 0.01143 75 74 
 0.01142 75 14 
 0.01139 82 75 
 0.01136 75 16 
 0.01132 75 17 
 0.01128 75 21 
 0.01127 75 47 
 0.01125 98 75 
 0.01123 75 32 
 0.01113 75 52 
 0.0111 75 3 
 0.01107 97 75 
 0.01106 75 55 
 0.01105 94 75 
 0.01104 75 62 
 0.01103 86 75 
 0.01102 75 65 
 0.0109 75 28 
 0.01088 76 75 
 0.01077 89 75 
 0.01072 90 75 
 0.01069 75 8 
 0.00923 77 75 
 