1.0 99 99 
 0.98947 86 12 
 0.98936 93 46 
 0.98925 94 93 
 0.98913 97 78 
 0.97917 48 5 
 0.97895 91 81 
 0.97872 97 70 
 0.97849 97 94 
 0.96907 71 33 
 0.96875 93 34 
 0.96842 94 48 
 0.96809 97 93 
 0.95918 49 48 
 0.95876 91 55 
 0.95833 97 34 
 0.95789 97 91 
 0.94898 72 26 
 0.94845 94 49 
 0.94792 97 48 
 0.94737 94 31 
 0.93939 86 26 
 0.93878 94 26 
 0.93814 97 55 
 0.9375 93 31 
 0.93684 78 31 
 0.93548 90 89 
 0.93069 91 61 
 0.93 26 12 
 0.92929 93 26 
 0.92857 97 49 
 0.92784 91 31 
 0.92708 97 31 
 0.92079 61 57 
 0.92 91 26 
 0.91919 97 26 
 0.91837 48 31 
 0.91753 31 24 
 0.91262 61 55 
 0.91089 94 61 
 0.90909 55 31 
 0.90291 61 12 
 0.90196 93 61 
 0.90099 78 61 
 0.9 49 31 
 0.8932 86 61 
 0.89216 97 61 
 0.89109 31 26 
 0.88571 61 49 
 0.88462 61 48 
 0.8835 61 24 
 0.87619 61 34 
 0.86792 61 33 
 0.86538 61 31 
 0.85981 61 26 
 0.84932 98 32 
 0.83333 86 65 
 0.83178 94 65 
 0.82569 65 48 
 0.82407 93 65 
 0.82243 78 65 
 0.81651 91 65 
 0.81481 97 65 
 0.81081 65 49 
 0.80909 65 37 
 0.80734 65 31 
 0.80357 65 26 
 0.8018 65 55 
 0.8 82 16 
 0.79464 65 33 
 0.76724 65 61 
 0.71429 96 10 
 0.69231 80 10 
 0.68966 77 76 
 0.67532 98 47 
 0.64894 98 59 
 0.6383 98 78 
 0.63636 10 4 
 0.63542 98 60 
 0.63158 98 97 
 0.62887 98 48 
 0.625 98 93 
 0.62376 59 32 
 0.62245 98 34 
 0.61856 98 91 
 0.61765 40 32 
 0.61616 98 49 
 0.61538 82 74 
 0.61386 78 32 
 0.61224 98 37 
 0.61165 60 32 
 0.60784 97 32 
 0.60606 98 55 
 0.60577 48 32 
 0.60465 47 32 
 0.60194 93 32 
 0.6 98 33 
 0.59615 91 32 
 0.59434 49 32 
 0.59406 98 26 
 0.59048 98 65 
 0.58491 55 32 
 0.57944 33 32 
 0.57692 98 61 
 0.57407 32 26 
 0.57143 74 16 
 0.55856 61 32 
 0.53846 92 18 
 0.53333 66 10 
 0.50485 32 3 
 0.5 96 66 
 0.48598 47 39 
 0.48182 49 47 
 0.48148 47 9 
 0.48113 78 47 
 0.47706 48 47 
 0.47664 97 47 
 0.47368 96 95 
 0.47222 93 47 
 0.47059 80 66 
 0.46789 91 47 
 0.46667 96 4 
 0.46552 65 47 
 0.46364 47 37 
 0.45946 55 47 
 0.45833 28 17 
 0.45536 47 33 
 0.45133 47 26 
 0.44444 95 80 
 0.43966 61 47 
 0.43137 98 3 
 0.42105 95 66 
 0.41176 95 10 
 0.40909 66 18 
 0.40566 47 3 
 0.4 74 0 
 0.3913 96 18 
 0.38583 40 3 
 0.38095 78 3 
 0.37931 17 16 
 0.37795 97 3 
 0.375 93 3 
 0.37405 33 3 
 0.37209 91 3 
 0.36923 48 3 
 0.36842 18 4 
 0.36641 55 3 
 0.36364 80 18 
 0.36296 61 3 
 0.3609 26 3 
 0.35714 82 0 
 0.34694 92 28 
 0.34615 92 82 
 0.34532 65 3 
 0.33333 96 92 
 0.31915 28 18 
 0.30769 92 80 
 0.30435 92 4 
 0.3 82 17 
 0.29167 82 18 
 0.28571 92 16 
 0.26667 80 17 
 0.25926 17 4 
 0.25806 66 17 
 0.25 99 42 
 0.2381 74 18 
 0.23404 28 16 
 0.23077 82 29 
 0.21429 73 42 
 0.21277 82 28 
 0.21111 21 3 
 0.20833 96 28 
 0.2 92 74 
 0.19149 80 28 
 0.19048 76 75 
 0.1875 96 27 
 0.18182 42 14 
 0.17391 28 10 
 0.17241 74 17 
 0.15556 28 4 
 0.15385 27 10 
 0.14545 73 52 
 0.14286 99 29 
 0.13386 57 52 
 0.13333 99 73 
 0.13265 98 8 
 0.13178 52 12 
 0.13174 90 34 
 0.13125 89 46 
 0.13043 95 56 
 0.12977 52 49 
 0.12963 89 34 
 0.12805 97 90 
 0.12791 90 61 
 0.12727 93 90 
 0.12698 78 52 
 0.12651 90 70 
 0.12598 97 52 
 0.12593 61 52 
 0.12579 97 89 
 0.12575 90 22 
 0.125 93 89 
 0.12426 90 49 
 0.12422 89 70 
 0.12403 91 52 
 0.12353 90 26 
 0.12346 89 22 
 0.12308 52 48 
 0.12214 55 52 
 0.12195 90 78 
 0.12121 94 90 
 0.12048 90 88 
 0.1203 52 26 
 0.11976 91 90 
 0.1195 89 78 
 0.1194 98 56 
 0.11905 90 48 
 0.11875 94 89 
 0.11856 77 75 
 0.11834 90 55 
 0.11818 52 32 
 0.11801 89 88 
 0.11765 99 95 
 0.11728 91 89 
 0.11702 73 24 
 0.11667 52 3 
 0.11656 89 48 
 0.11594 52 21 
 0.11585 89 55 
 0.11579 86 73 
 0.11515 89 33 
 0.11511 65 52 
 0.11458 73 12 
 0.11299 90 65 
 0.11111 99 27 
 0.11047 89 65 
 0.10753 78 73 
 0.10714 92 76 
 0.10638 97 73 
 0.10526 93 73 
 0.10476 92 77 
 0.10417 91 73 
 0.10345 21 0 
 0.10309 73 48 
 0.10294 98 73 
 0.10204 96 77 
 0.10156 40 8 
 0.10145 65 8 
 0.10101 73 49 
 0.10078 9 8 
 0.1 99 0 
 0.09848 49 8 
 0.09709 73 61 
 0.09677 92 56 
 0.09615 80 76 
 0.096 96 75 
 0.09574 78 56 
 0.09474 97 56 
 0.09449 78 8 
 0.09434 96 76 
 0.09375 97 8 
 0.09302 93 8 
 0.09278 91 56 
 0.09231 91 8 
 0.09195 73 3 
 0.09184 77 66 
 0.0916 37 8 
 0.09091 95 77 
 0.09023 33 8 
 0.09 56 49 
 0.08955 26 8 
 0.08759 61 8 
 0.08738 77 18 
 0.08696 82 56 
 0.08654 61 56 
 0.08621 56 52 
 0.08571 73 21 
 0.08547 61 21 
 0.08491 76 66 
 0.08462 31 8 
 0.08411 95 76 
 0.08333 99 74 
 0.08264 8 3 
 0.08257 97 21 
 0.08209 92 75 
 0.08182 93 21 
 0.08163 80 77 
 0.0813 75 10 
 0.08108 95 21 
 0.08036 48 21 
 0.08 80 75 
 0.07965 55 21 
 0.07937 75 66 
 0.07895 49 21 
 0.07874 95 75 
 0.07826 26 21 
 0.07692 92 0 
 0.07595 98 92 
 0.07563 76 17 
 0.07438 65 21 
 0.07368 77 4 
 0.07353 76 28 
 0.07317 92 47 
 0.07143 73 29 
 0.07042 98 66 
 0.07 96 45 
 0.06977 89 52 
 0.06944 98 96 
 0.06931 95 46 
 0.06897 99 21 
 0.06849 73 47 
 0.06818 92 32 
 0.06796 96 55 
 0.06757 66 47 
 0.06731 66 26 
 0.06711 89 32 
 0.06667 96 47 
 0.06593 96 3 
 0.06481 96 61 
 0.06452 90 32 
 0.06429 75 17 
 0.06383 98 89 
 0.06369 75 28 
 0.06316 95 89 
 0.0625 80 27 
 0.06202 93 28 
 0.06195 92 26 
 0.06173 96 32 
 0.06161 75 61 
 0.06154 77 28 
 0.06122 98 90 
 0.06061 97 66 
 0.06 97 96 
 0.0597 47 27 
 0.05952 98 21 
 0.05941 96 93 
 0.05882 99 82 
 0.05825 96 48 
 0.05797 92 52 
 0.05769 96 34 
 0.05742 75 26 
 0.05714 96 49 
 0.0566 99 52 
 0.05645 75 4 
 0.05607 92 78 
 0.05587 75 47 
 0.05556 99 96 
 0.05505 95 61 
 0.05495 66 3 
 0.05479 98 95 
 0.05469 78 28 
 0.05455 92 91 
 0.05426 97 28 
 0.05419 78 75 
 0.05405 92 48 
 0.05392 97 75 
 0.05385 88 28 
 0.05376 99 85 
 0.05366 93 75 
 0.05357 96 65 
 0.05344 91 28 
 0.0534 91 75 
 0.05319 89 56 
 0.05314 75 48 
 0.0531 92 49 
 0.05303 48 28 
 0.05288 75 34 
 0.05263 96 0 
 0.05224 49 28 
 0.05208 25 14 
 0.05195 98 18 
 0.05155 99 33 
 0.05128 92 61 
 0.05093 75 65 
 0.05085 77 19 
 0.05072 61 28 
 0.05056 77 36 
 0.05 92 65 
 0.04965 65 28 
 0.0495 77 56 
 0.04945 77 49 
 0.04938 89 3 
 0.04918 77 26 
 0.04902 98 28 
 0.04878 95 32 
 0.04839 96 52 
 0.04795 89 47 
 0.04762 90 3 
 0.04712 76 26 
 0.04706 98 17 
 0.04673 60 18 
 0.04667 98 77 
 0.04651 32 18 
 0.04615 99 98 
 0.04605 90 47 
 0.04587 76 56 
 0.04545 47 21 
 0.0452 78 77 
 0.04505 26 18 
 0.04494 97 77 
 0.04478 28 21 
 0.04469 93 77 
 0.04444 91 77 
 0.0442 77 48 
 0.04412 98 14 
 0.04403 77 32 
 0.04396 77 55 
 0.04372 77 33 
 0.04348 99 78 
 0.04301 99 97 
 0.04278 76 72 
 0.04255 99 93 
 0.04225 47 14 
 0.04211 99 91 
 0.04202 26 17 
 0.04192 76 32 
 0.04167 99 48 
 0.04124 99 55 
 0.04082 99 49 
 0.04054 99 32 
 0.0404 99 26 
 0.04 82 66 
 0.0396 80 45 
 0.03922 99 61 
 0.03911 98 75 
 0.03896 95 47 
 0.03889 77 31 
 0.03883 61 0 
 0.03846 99 92 
 0.0381 99 65 
 0.03774 98 76 
 0.03763 78 76 
 0.03743 97 76 
 0.03738 93 18 
 0.03723 93 76 
 0.03704 91 76 
 0.03684 76 48 
 0.03676 90 8 
 0.0367 80 61 
 0.03665 76 34 
 0.03646 76 49 
 0.03636 55 18 
 0.03604 49 18 
 0.03571 76 61 
 0.0354 78 17 
 0.03529 99 3 
 0.03518 76 65 
 0.03509 97 17 
 0.03478 93 17 
 0.03448 91 17 
 0.03419 48 17 
 0.03409 14 3 
 0.0339 65 18 
 0.03371 99 89 
 0.03361 49 17 
 0.03333 99 17 
 0.03261 80 3 
 0.03252 61 17 
 0.03226 82 52 
 0.03175 65 17 
 0.03158 99 90 
 0.0315 89 28 
 0.03125 90 0 
 0.03061 31 14 
 0.0303 98 42 
 0.03008 90 28 
 0.03 80 78 
 0.02985 98 0 
 0.0297 97 80 
 0.02941 97 82 
 0.02913 93 82 
 0.02899 99 47 
 0.02885 91 82 
 0.02857 82 48 
 0.0283 82 55 
 0.02817 98 10 
 0.02804 82 49 
 0.02778 82 26 
 0.02752 65 14 
 0.02703 98 82 
 0.02667 52 17 
 0.02655 80 65 
 0.02632 82 65 
 0.02597 82 47 
 0.02564 96 21 
 0.025 32 10 
 0.0241 82 32 
 0.02326 21 18 
 0.02299 3 0 
 0.02273 75 73 
 0.02198 10 3 
 0.02174 78 29 
 0.02151 97 29 
 0.02128 93 29 
 0.02113 77 52 
 0.02105 91 29 
 0.02083 48 29 
 0.02062 78 74 
 0.02055 75 21 
 0.02041 97 74 
 0.0202 96 89 
 0.02 97 10 
 0.0198 93 10 
 0.01961 91 10 
 0.01942 78 16 
 0.01923 97 16 
 0.01905 96 90 
 0.01887 91 16 
 0.01869 92 89 
 0.01852 55 16 
 0.01835 49 16 
 0.01818 74 65 
 0.01786 76 73 
 0.0177 92 90 
 0.01724 74 52 
 0.01667 82 8 
 0.01639 16 8 
 0.01613 89 76 
 0.01587 76 21 
 0.01575 75 0 
 0.01562 90 76 
 0.01538 98 29 
 0.01504 75 56 
 0.01471 47 29 
 0.01449 92 8 
 0.01429 98 74 
 0.01408 90 75 
 0.0137 74 47 
 0.01351 32 29 
 0.01316 98 16 
 0.01266 74 32 
 0.01183 75 8 
 0.01176 32 16 
 0.01124 89 29 
 0.01117 89 77 
 0.01111 74 3 
 0.01099 89 27 
 0.01081 90 77 
 0.01064 89 74 
 0.01053 90 29 
 0.01042 16 3 
 0.01031 90 27 
 0.0102 89 80 
 0.0101 97 4 
 0.01 93 4 
 0.0099 91 4 
 0.0098 48 4 
 0.00971 55 4 
 0.00962 90 80 
 0.00943 90 16 
 0.00926 61 4 
 0.00909 90 18 
 0.00901 65 4 
 0.00893 89 17 
 0.00877 82 76 
 0.00847 90 17 
 0.0084 77 21 
 0.00741 82 75 
 0.00709 77 8 
 0.0 99 80 
 