0.0 23 18 
 0.037 16 7 
 0.038 7 5 
 0.039 23 16 
 0.041 11 5 
 0.042 16 11 
 0.043 23 14 
 0.049 18 14 
 0.05 18 16 
 0.051 18 5 
 0.052 5 1 
 0.082 16 15 
 0.083 15 5 
 0.084 15 2 
 0.092 22 16 
 0.093 22 14 
 0.122 20 11 
 0.151 15 11 
 0.156 20 18 
 0.169 21 20 
 0.171 20 1 
 0.174 18 11 
 0.181 20 7 
 0.19 21 5 
 0.191 20 17 
 0.192 21 16 
 0.193 21 14 
 0.223 20 16 
 0.224 20 14 
 0.225 20 5 
 0.25 23 21 
 0.27 23 20 
 0.301 23 11 
 0.33 22 20 
 0.36 10 5 
 0.363 16 10 
 0.364 14 10 
 0.375 21 15 
 0.408 23 22 
 0.428 17 5 
 0.43 17 16 
 0.431 17 14 
 0.432 17 13 
 0.433 21 18 
 0.472 22 10 
 0.474 15 1 
 0.548 22 7 
 0.559 21 7 
 0.577 21 10 
 0.612 22 15 
 0.616 22 11 
 0.646 22 1 
 0.667 18 10 
 0.671 15 7 
 0.707 22 18 
 0.715 22 21 
 0.763 11 1 
 0.775 18 7 
 0.87 21 1 
 0.904 21 11 
 0.991 16 5 
 0.992 6 5 
 1.0 23 19 
 inf 23 9 
 