1.0 23 19 
 0.5 23 9 
 0.41421 18 10 
 0.36603 23 17 
 0.33333 23 18 
 0.30902 23 22 
 0.2899 23 7 
 0.27429 22 11 
 0.2612 22 21 
 0.25 16 14 
 0.24025 23 11 
 0.23166 23 1 
 0.22401 18 11 
 0.21713 21 18 
 0.2109 21 15 
 0.20521 23 21 
 0.2 21 9 
 0.19074 21 17 
 0.125 22 20 
 0.12283 20 15 
 0.12179 23 20 
 0.12077 20 17 
 0.11978 20 18 
 0.11882 20 9 
 0.11696 20 1 
 0.11434 20 11 
 0.1135 21 20 
 0.02693 6 5 
 0.02617 5 2 
 0.02613 13 5 
 0.02611 14 5 
 0.0261 16 5 
 0.00359 20 12 
 0.00358 21 12 
 0.00357 23 12 
 0.00356 23 16 
 0.00355 23 14 
 0.00353 20 5 
 0.00352 21 5 
 0.00351 23 5 
 